//idHuntMon,level,idBasis,name,,,
1,1,1,"[1] ソソ",0,-1,1
2,2,7,"[2] ラッチュー",0,-1,1
3,1,7,"[1] ラッチュー",0,-1,1
4,3,3,"[3] マルシュ",0,-1,1
5,4,25,"[4] ブラービー",0,-1,2
6,5,3,"[5] マルシュ",0,-1,2
7,6,25,"[6] ブラービー",0,-1,2
8,7,4,"[7] テディ",0,-1,3
9,8,4,"[8] テディ",0,-1,3
10,9,98,"[9] グレゴリーII世",0,-1,4
11,10,5,"[10] ボボカン",0,-1,4
12,13,5,"[13] ボボカン",0,-1,6
13,12,98,"[12] グレゴリーII世",0,-1,5
14,11,63,"[11] ☆ソソ☆",0,-1,5
15,14,63,"[14] ☆ソソ☆",0,-1,6
16,15,90,"[15] ボンボ",0,-1,7
17,1,100,"[1] ロルレクス",0,-1,1
18,16,8,"[16] ゲトー",0,-1,8
19,1,32,"[1] キングスパービー",0,-1,1
20,17,53,"[17] 子ヤンヤン",0,-1,8
21,18,53,"[18] 子ヤンヤン",0,-1,9
22,19,52,"[19] ヤンヤン",0,-1,10
23,20,52,"[20] ヤンヤン",0,-1,11
24,1,31,"[1] スパービー",0,-1,1
25,21,11,"[21] バラウス",0,-1,11
26,22,11,"[22] バラウス",0,-1,12
27,1,38,"[1] ゴウ",0,-1,1
28,23,10,"[23] ウッド",0,-1,13
29,1,10,"[1] ウッド",0,-1,1
30,24,29,"[24] ミュロビー",0,-1,14
31,25,36,"[25] レディ",0,-1,15
32,1,36,"[1] レディ",0,-1,1
33,26,12,"[26] ハイバラウス",0,-1,16
34,27,37,"[27] ステディ",0,-1,17
35,1,120,"[1] 怒ったミュロビー",0,-1,1
36,1,55,"[1] ソソスケルトン",0,-1,1
37,2,56,"[2] ハロウィーン",0,-1,1
38,7,54,"[7] フォクシー",0,-1,3
39,1,9,"[1] モネラ",0,-1,1
40,1,9,"[1] モネラ",0,-1,1
41,4,65,"[4] リーグ",0,-1,2
42,5,84,"[5] ナイトウォーカー",0,-1,2
43,6,66,"[6] ビーオ",0,-1,2
44,1,46,"[1] ハッコウモリ",0,-1,1
45,3,57,"[3] ゼロセブン",0,-1,1
46,1,57,"[1] ゼロセブン",0,-1,1
47,1,96,"[1] ソソマミー",0,-1,1
48,8,58,"[8] レイス",0,-1,3
49,9,67,"[9] フライングドクロ",0,-1,4
50,10,86,"[10] カマイタチ",0,-1,4
51,11,99,"[11] オルゴールソソ",0,-1,5
52,1,126,"[1] コッコー",0,-1,1
53,12,31,"[12] スパービー",0,-1,5
54,13,31,"[13] スパービー",0,-1,6
55,14,106,"[14] 黒後家蜘蛛",0,-1,6
56,1,106,"[1] 黒後家蜘蛛",0,-1,1
57,16,73,"[16] ニーナ",0,-1,8
58,17,74,"[17] ニーノ",0,-1,8
59,18,72,"[18] エミリー",0,-1,9
60,15,73,"[15] ニーナ",0,-1,7
61,19,74,"[19] ニーノ",0,-1,10
62,20,72,"[20] エミリー",0,-1,11
63,21,75,"[21] パペット",0,-1,11
64,22,75,"[22] パペット",0,-1,12
65,23,94,"[23] トホホ",0,-1,13
66,24,103,"[24] 忍者",0,-1,14
67,25,103,"[25] 忍者",0,-1,15
68,26,76,"[26] ホギーパペット",0,-1,16
69,27,91,"[27] プリズナー",0,-1,17
70,1,6,"[1] ワイルドウッドヘリアン",0,-1,1
71,28,123,"[28] レッドソソ",0,-1,18
72,29,124,"[29] ブルーソソ",0,-1,19
73,1,113,"[1] お掃除ハカセ",0,-1,1
74,1,126,"[1] コッコー",0,-1,1
75,1,114,"[1] キャタツラー",0,-1,1
76,1,109,"[1] ツクエミミック",0,-1,1
77,1,110,"[1] イスファイター",0,-1,1
78,1,93,"[1] ピギー",0,-1,1
79,30,101,"[30] ゼリーデリー",0,-1,20
80,1,6,"[1] ワイルドウッドヘリアン",0,-1,1
81,28,123,"[28] レッドソソ",0,-1,18
82,29,124,"[29] ブルーソソ",0,-1,19
83,1,113,"[1] お掃除ハカセ",0,-1,1
84,76,126,"[76] コッコー",0,-1,283
85,1,114,"[1] キャタツラー",0,-1,1
86,1,109,"[1] ツクエミミック",0,-1,1
87,1,110,"[1] イスファイター",0,-1,1
88,1,93,"[1] ピギー",0,-1,1
89,30,101,"[30] ゼリーデリー",0,-1,20
90,1,6,"[1] ワイルドウッドヘリアン",0,-1,1
91,1,123,"[1] レッドソソ",0,-1,1
92,1,124,"[1] ブルーソソ",0,-1,1
93,1,113,"[1] お掃除ハカセ",0,-1,1
94,80,126,"[80] コッコー",0,-1,332
95,1,114,"[1] キャタツラー",0,-1,1
96,1,109,"[1] ツクエミミック",0,-1,1
97,1,110,"[1] イスファイター",0,-1,1
98,1,93,"[1] ピギー",0,-1,1
99,1,101,"[1] ゼリーデリー",0,-1,1
100,1,6,"[1] ワイルドウッドヘリアン",0,-1,1
101,1,123,"[1] レッドソソ",0,-1,1
102,1,124,"[1] ブルーソソ",0,-1,1
103,1,113,"[1] お掃除ハカセ",0,-1,1
104,1,112,"[1] シャドウビースト",0,-1,1
105,1,114,"[1] キャタツラー",0,-1,1
106,1,109,"[1] ツクエミミック",0,-1,1
107,1,110,"[1] イスファイター",0,-1,1
108,1,93,"[1] ピギー",0,-1,1
109,1,101,"[1] ゼリーデリー",0,-1,1
110,31,47,"[31] リトルクロコ",0,-1,22
111,32,27,"[32] グロービー",0,-1,24
112,33,47,"[33] リトルクロコ",0,-1,26
113,34,27,"[34] グロービー",0,-1,29
114,35,33,"[35] クロコ",0,-1,31
115,36,27,"[36] グロービー",0,-1,34
116,37,33,"[37] クロコ",0,-1,37
117,38,27,"[38] グロービー",0,-1,39
118,39,33,"[39] クロコ",0,-1,42
119,40,31,"[40] スパービー",0,-1,45
120,41,33,"[41] クロコ",0,-1,48
121,42,31,"[42] スパービー",0,-1,51
122,43,33,"[43] クロコ",0,-1,54
123,44,31,"[44] スパービー",0,-1,58
124,45,29,"[45] ミュロビー",0,-1,61
125,46,31,"[46] スパービー",0,-1,64
126,47,29,"[47] ミュロビー",0,-1,68
127,48,31,"[48] スパービー",0,-1,72
128,50,29,"[50] ミュロビー",0,-1,79
129,52,120,"[52] 怒ったミュロビー",0,-1,87
130,54,29,"[54] ミュロビー",0,-1,95
131,56,120,"[56] 怒ったミュロビー",0,-1,104
132,58,29,"[58] ミュロビー",0,-1,113
133,60,120,"[60] 怒ったミュロビー",0,-1,122
134,62,125,"[62] 影入道",0,-1,139
135,64,120,"[64] 怒ったミュロビー",0,-1,157
136,66,125,"[66] 影入道",0,-1,176
137,68,120,"[68] 怒ったミュロビー",0,-1,196
138,70,125,"[70] 影入道",0,-1,217
139,72,112,"[72] シャドウビースト",0,-1,238
140,74,125,"[74] 影入道",0,-1,260
141,76,112,"[76] シャドウビースト",0,-1,283
142,78,125,"[78] 影入道",0,-1,307
143,80,112,"[80] シャドウビースト",0,-1,332
144,82,95,"[82] パトロボ",0,-1,357
145,84,112,"[84] シャドウビースト",0,-1,384
146,86,95,"[86] パトロボ",0,-1,411
147,88,95,"[88] パトロボ",0,-1,439
148,91,136,"[91] ボボカンデラックス",0,-1,540
149,94,108,"[94] ソソプラネット",0,-1,562
150,97,116,"[97] クィラ",0,-1,637
151,100,111,"[100] 次元魚",0,-1,715
152,109,113,"[109] お掃除ハカセ",0,-1,970
164,103,116,"[103] クィラ",0,-1,797
165,106,111,"[106] 次元魚",0,-1,882
166,112,111,"[112] 次元魚",0,-1,1062
167,115,113,"[115] お掃除ハカセ",0,-1,1157
168,118,109,"[118] ツクエミミック",0,-1,1256
169,121,113,"[121] お掃除ハカセ",0,-1,1358
170,124,109,"[124] ツクエミミック",0,-1,1463
171,127,110,"[127] イスファイター",0,-1,1572
172,130,110,"[130] イスファイター",0,-1,1684
173,133,114,"[133] キャタツラー",0,-1,1841
174,136,117,"[136] 4次元ウッドヘリアン",0,-1,2004
175,139,46,"[139] ハッコウモリ",0,-1,2172
176,142,96,"[142] ソソマミー",0,-1,2346
177,146,82,"[146] フクのカメ",0,-1,2585
178,150,96,"[150] ソソマミー",0,-1,2834
179,158,153,"[158] レッドレフィック",0,-1,3394
180,154,81,"[154] デンプ",0,-1,3091
181,170,153,"[170] レッドレフィック",0,-1,4238
182,166,81,"[166] デンプ",0,-1,3921
183,162,92,"[162] ざるかぶり",0,-1,3635
184,182,154,"[182] カタコンベガーディアン",0,-1,5494
185,174,92,"[174] ざるかぶり",0,-1,4613
186,178,80,"[178] 下郎蛙",0,-1,5025
187,194,154,"[194] カタコンベガーディアン",0,-1,7486
188,186,80,"[186] 下郎蛙",0,-1,5888
189,190,105,"[190] 火之輪入道",0,-1,6340
190,1,152,"[1] トレジャーモンスター",4,-1,1
191,1,152,"[1] トレジャーモンスター",4,-1,1
192,1,152,"[1] トレジャーモンスター",4,-1,1
193,1,152,"[1] トレジャーモンスター",4,-1,1
194,1,152,"[1] トレジャーモンスター",4,-1,1
195,1,152,"[1] トレジャーモンスター",4,-1,1
196,1,152,"[1] トレジャーモンスター",4,-1,1
197,1,152,"[1] トレジャーモンスター",4,-1,1
198,1,152,"[1] トレジャーモンスター",4,-1,1
199,1,152,"[1] トレジャーモンスター",4,-1,1
200,1,152,"[1] トレジャーモンスター",4,-1,1
201,1,152,"[1] トレジャーモンスター",4,-1,1
202,1,152,"[1] トレジャーモンスター",4,-1,1
203,1,152,"[1] トレジャーモンスター",4,-1,1
204,1,152,"[1] トレジャーモンスター",4,-1,1
205,1,152,"[1] トレジャーモンスター",4,-1,1
206,1,152,"[1] トレジャーモンスター",4,-1,1
207,1,152,"[1] トレジャーモンスター",4,-1,1
208,1,152,"[1] トレジャーモンスター",4,-1,1
209,1,152,"[1] トレジャーモンスター",4,-1,1
210,1,152,"[1] トレジャーモンスター",4,-1,1
211,1,152,"[1] トレジャーモンスター",4,-1,1
212,1,152,"[1] トレジャーモンスター",4,-1,1
213,1,152,"[1] トレジャーモンスター",4,-1,1
214,1,152,"[1] トレジャーモンスター",4,-1,1
215,1,152,"[1] トレジャーモンスター",4,-1,1
216,1,152,"[1] トレジャーモンスター",4,-1,1
217,1,152,"[1] トレジャーモンスター",4,-1,1
218,1,152,"[1] トレジャーモンスター",4,-1,1
219,1,152,"[1] トレジャーモンスター",4,-1,1
220,1,152,"[1] トレジャーモンスター",4,-1,1
221,1,152,"[1] トレジャーモンスター",4,-1,1
222,1,152,"[1] トレジャーモンスター",4,-1,1
223,1,152,"[1] トレジャーモンスター",4,-1,1
224,1,152,"[1] トレジャーモンスター",4,-1,1
225,1,152,"[1] トレジャーモンスター",4,-1,1
226,1,152,"[1] トレジャーモンスター",4,-1,1
227,1,152,"[1] トレジャーモンスター",4,-1,1
228,1,152,"[1] トレジャーモンスター",4,-1,1
229,1,152,"[1] トレジャーモンスター",4,-1,1
230,1,152,"[1] トレジャーモンスター",4,-1,1
231,1,152,"[1] トレジャーモンスター",4,-1,1
232,1,152,"[1] トレジャーモンスター",4,-1,1
233,1,152,"[1] トレジャーモンスター",4,-1,1
234,1,152,"[1] トレジャーモンスター",4,-1,1
235,1,152,"[1] トレジャーモンスター",4,-1,1
236,1,152,"[1] トレジャーモンスター",4,-1,1
237,1,152,"[1] トレジャーモンスター",4,-1,1
238,1,152,"[1] トレジャーモンスター",4,-1,1
239,205,166,"[205] レクシー",0,-1,8027
240,208,166,"[208] レクシー",0,-1,8347
241,195,92,"[195] ざるかぶり",0,-1,6984
242,197,94,"[197] トホホ",0,-1,7191
243,199,80,"[199] 下郎蛙",0,-1,7397
244,201,81,"[201] デンプ",0,-1,7605
245,203,120,"[203] 怒ったミュロビー",0,-1,7815
246,206,86,"[206] カマイタチ",0,-1,8133
247,1,152,"[1] トレジャーモンスター",4,-1,1
248,1,152,"[1] トレジャーモンスター",4,-1,1
249,1,152,"[1] トレジャーモンスター",4,-1,1
