3202804,5000,0,0
3202704,5000,0,0
3102804,5000,0,0
3102704,5000,0,0
1400214,7800,2,0
1400164,7800,0,0
1400094,7800,0,0
1400044,7800,0,0
1300234,7800,2,0
1300214,7800,0,0
1300174,7800,0,0
1300044,7800,0,0
1200174,7800,2,0
1200134,7800,0,0
1200064,7800,0,0
1200054,7800,0,0
1100244,7800,2,0
1100234,7800,0,0
1100214,7800,0,0
1100204,7800,0,0
345,3000,0,0
344,3000,0,0
343,3000,0,0
342,3000,0,0
220,24800,1,0
219,24800,1,0
218,3000,0,0
217,3000,0,0
216,3000,0,0
215,3000,0,0
214,3000,0,0
213,3000,0,0
212,3000,0,0
211,3000,0,0
210,6800,1,0
209,8800,1,0
208,4500,2,0
207,24800,1,0
206,14800,1,0
205,7800,1,0,
196,9800,0,0,
195,3500,0,0,
189,7800,0,0,
188,2100,0,0,
182,7800,0,0,
181,2100,0,0,
175,9800,0,0,
174,2800,0,0,
168,9800,0,0,
167,2800,0,0,
154,3000,0,0,
147,3000,0,0,
140,3000,0,0,
133,3000,0,0,
126,3000,0,0,
119,3000,0,0,
112,3000,0,0,
105,3000,0,0,
70,2000,0,0
54,1500,0,0
48,3000,0,0
44,1000,0,0
31,2000,0,0
27,2000,0,0
23,1000,0,0
